2329 2841
256 256 32

1 1 262 512 INV
1 1 263 513 INV
2 1 512 513 514 AND
1 1 514 515 INV
1 1 515 516 INV
1 1 260 517 INV
1 1 261 518 INV
2 1 517 518 519 AND
1 1 519 520 INV
1 1 520 521 INV
2 1 516 521 522 AND
1 1 522 523 INV
1 1 523 524 INV
1 1 258 525 INV
1 1 259 526 INV
2 1 525 526 527 AND
1 1 527 528 INV
1 1 528 529 INV
1 1 256 530 INV
1 1 257 531 INV
2 1 530 531 532 AND
1 1 532 533 INV
1 1 533 534 INV
2 1 529 534 535 AND
1 1 535 536 INV
1 1 536 537 INV
2 1 524 537 538 AND
1 1 538 539 INV
1 1 539 540 INV
1 1 270 541 INV
1 1 271 542 INV
2 1 541 542 543 AND
1 1 543 544 INV
1 1 544 545 INV
1 1 268 546 INV
1 1 269 547 INV
2 1 546 547 548 AND
1 1 548 549 INV
1 1 549 550 INV
2 1 545 550 551 AND
1 1 551 552 INV
1 1 552 553 INV
1 1 266 554 INV
1 1 267 555 INV
2 1 554 555 556 AND
1 1 556 557 INV
1 1 557 558 INV
1 1 264 559 INV
1 1 265 560 INV
2 1 559 560 561 AND
1 1 561 562 INV
1 1 562 563 INV
2 1 558 563 564 AND
1 1 564 565 INV
1 1 565 566 INV
2 1 553 566 567 AND
1 1 567 568 INV
1 1 568 569 INV
2 1 540 569 570 AND
1 1 570 571 INV
1 1 571 572 INV
1 1 342 573 INV
1 1 343 574 INV
2 1 573 574 575 AND
1 1 575 576 INV
1 1 576 577 INV
1 1 340 578 INV
1 1 341 579 INV
2 1 578 579 580 AND
1 1 580 581 INV
1 1 581 582 INV
2 1 577 582 583 AND
1 1 583 584 INV
1 1 584 585 INV
1 1 338 586 INV
1 1 339 587 INV
2 1 586 587 588 AND
1 1 588 589 INV
1 1 589 590 INV
1 1 336 591 INV
1 1 337 592 INV
2 1 591 592 593 AND
1 1 593 594 INV
1 1 594 595 INV
2 1 590 595 596 AND
1 1 596 597 INV
1 1 597 598 INV
2 1 585 598 599 AND
1 1 599 600 INV
1 1 600 601 INV
2 1 572 601 602 AND
1 1 602 603 INV
1 1 603 604 INV
1 1 350 605 INV
1 1 351 606 INV
2 1 605 606 607 AND
1 1 607 608 INV
1 1 608 609 INV
1 1 348 610 INV
1 1 349 611 INV
2 1 610 611 612 AND
1 1 612 613 INV
1 1 613 614 INV
2 1 609 614 615 AND
1 1 615 616 INV
1 1 616 617 INV
1 1 346 618 INV
1 1 347 619 INV
2 1 618 619 620 AND
1 1 620 621 INV
1 1 621 622 INV
1 1 344 623 INV
1 1 345 624 INV
2 1 623 624 625 AND
1 1 625 626 INV
1 1 626 627 INV
2 1 622 627 628 AND
1 1 628 629 INV
1 1 629 630 INV
2 1 617 630 631 AND
1 1 631 632 INV
1 1 632 633 INV
2 1 604 633 634 AND
1 1 634 635 INV
1 1 635 636 INV
1 1 358 637 INV
1 1 359 638 INV
2 1 637 638 639 AND
1 1 639 640 INV
1 1 640 641 INV
1 1 356 642 INV
1 1 357 643 INV
2 1 642 643 644 AND
1 1 644 645 INV
1 1 645 646 INV
2 1 641 646 647 AND
1 1 647 648 INV
1 1 648 649 INV
1 1 354 650 INV
1 1 355 651 INV
2 1 650 651 652 AND
1 1 652 653 INV
1 1 653 654 INV
1 1 352 655 INV
1 1 353 656 INV
2 1 655 656 657 AND
1 1 657 658 INV
1 1 658 659 INV
2 1 654 659 660 AND
1 1 660 661 INV
1 1 661 662 INV
2 1 649 662 663 AND
1 1 663 664 INV
1 1 664 665 INV
2 1 636 665 666 AND
1 1 666 667 INV
1 1 667 668 INV
1 1 366 669 INV
1 1 367 670 INV
2 1 669 670 671 AND
1 1 671 672 INV
1 1 672 673 INV
1 1 364 674 INV
1 1 365 675 INV
2 1 674 675 676 AND
1 1 676 677 INV
1 1 677 678 INV
2 1 673 678 679 AND
1 1 679 680 INV
1 1 680 681 INV
1 1 362 682 INV
1 1 363 683 INV
2 1 682 683 684 AND
1 1 684 685 INV
1 1 685 686 INV
1 1 360 687 INV
1 1 361 688 INV
2 1 687 688 689 AND
1 1 689 690 INV
1 1 690 691 INV
2 1 686 691 692 AND
1 1 692 693 INV
1 1 693 694 INV
2 1 681 694 695 AND
1 1 695 696 INV
1 1 696 697 INV
2 1 668 697 698 AND
1 1 698 699 INV
1 1 699 700 INV
1 1 374 701 INV
1 1 375 702 INV
2 1 701 702 703 AND
1 1 703 704 INV
1 1 704 705 INV
1 1 372 706 INV
1 1 373 707 INV
2 1 706 707 708 AND
1 1 708 709 INV
1 1 709 710 INV
2 1 705 710 711 AND
1 1 711 712 INV
1 1 712 713 INV
1 1 370 714 INV
1 1 371 715 INV
2 1 714 715 716 AND
1 1 716 717 INV
1 1 717 718 INV
1 1 368 719 INV
1 1 369 720 INV
2 1 719 720 721 AND
1 1 721 722 INV
1 1 722 723 INV
2 1 718 723 724 AND
1 1 724 725 INV
1 1 725 726 INV
2 1 713 726 727 AND
1 1 727 728 INV
1 1 728 729 INV
2 1 700 729 730 AND
1 1 730 731 INV
1 1 731 732 INV
1 1 382 733 INV
1 1 383 734 INV
2 1 733 734 735 AND
1 1 735 736 INV
1 1 736 737 INV
1 1 380 738 INV
1 1 381 739 INV
2 1 738 739 740 AND
1 1 740 741 INV
1 1 741 742 INV
2 1 737 742 743 AND
1 1 743 744 INV
1 1 744 745 INV
1 1 378 746 INV
1 1 379 747 INV
2 1 746 747 748 AND
1 1 748 749 INV
1 1 749 750 INV
1 1 376 751 INV
1 1 377 752 INV
2 1 751 752 753 AND
1 1 753 754 INV
1 1 754 755 INV
2 1 750 755 756 AND
1 1 756 757 INV
1 1 757 758 INV
2 1 745 758 759 AND
1 1 759 760 INV
1 1 760 761 INV
2 1 732 761 762 AND
1 1 762 763 INV
1 1 763 764 INV
1 1 390 765 INV
1 1 391 766 INV
2 1 765 766 767 AND
1 1 767 768 INV
1 1 768 769 INV
1 1 388 770 INV
1 1 389 771 INV
2 1 770 771 772 AND
1 1 772 773 INV
1 1 773 774 INV
2 1 769 774 775 AND
1 1 775 776 INV
1 1 776 777 INV
1 1 386 778 INV
1 1 387 779 INV
2 1 778 779 780 AND
1 1 780 781 INV
1 1 781 782 INV
1 1 384 783 INV
1 1 385 784 INV
2 1 783 784 785 AND
1 1 785 786 INV
1 1 786 787 INV
2 1 782 787 788 AND
1 1 788 789 INV
1 1 789 790 INV
2 1 777 790 791 AND
1 1 791 792 INV
1 1 792 793 INV
2 1 764 793 794 AND
1 1 794 795 INV
1 1 795 796 INV
1 1 398 797 INV
1 1 399 798 INV
2 1 797 798 799 AND
1 1 799 800 INV
1 1 800 801 INV
1 1 396 802 INV
1 1 397 803 INV
2 1 802 803 804 AND
1 1 804 805 INV
1 1 805 806 INV
2 1 801 806 807 AND
1 1 807 808 INV
1 1 808 809 INV
1 1 394 810 INV
1 1 395 811 INV
2 1 810 811 812 AND
1 1 812 813 INV
1 1 813 814 INV
1 1 392 815 INV
1 1 393 816 INV
2 1 815 816 817 AND
1 1 817 818 INV
1 1 818 819 INV
2 1 814 819 820 AND
1 1 820 821 INV
1 1 821 822 INV
2 1 809 822 823 AND
1 1 823 824 INV
1 1 824 825 INV
2 1 796 825 826 AND
1 1 826 827 INV
1 1 827 828 INV
1 1 406 829 INV
1 1 407 830 INV
2 1 829 830 831 AND
1 1 831 832 INV
1 1 832 833 INV
1 1 404 834 INV
1 1 405 835 INV
2 1 834 835 836 AND
1 1 836 837 INV
1 1 837 838 INV
2 1 833 838 839 AND
1 1 839 840 INV
1 1 840 841 INV
1 1 402 842 INV
1 1 403 843 INV
2 1 842 843 844 AND
1 1 844 845 INV
1 1 845 846 INV
1 1 400 847 INV
1 1 401 848 INV
2 1 847 848 849 AND
1 1 849 850 INV
1 1 850 851 INV
2 1 846 851 852 AND
1 1 852 853 INV
1 1 853 854 INV
2 1 841 854 855 AND
1 1 855 856 INV
1 1 856 857 INV
2 1 828 857 858 AND
1 1 858 859 INV
1 1 859 860 INV
1 1 414 861 INV
1 1 415 862 INV
2 1 861 862 863 AND
1 1 863 864 INV
1 1 864 865 INV
1 1 412 866 INV
1 1 413 867 INV
2 1 866 867 868 AND
1 1 868 869 INV
1 1 869 870 INV
2 1 865 870 871 AND
1 1 871 872 INV
1 1 872 873 INV
1 1 410 874 INV
1 1 411 875 INV
2 1 874 875 876 AND
1 1 876 877 INV
1 1 877 878 INV
1 1 408 879 INV
1 1 409 880 INV
2 1 879 880 881 AND
1 1 881 882 INV
1 1 882 883 INV
2 1 878 883 884 AND
1 1 884 885 INV
1 1 885 886 INV
2 1 873 886 887 AND
1 1 887 888 INV
1 1 888 889 INV
2 1 860 889 890 AND
1 1 890 891 INV
1 1 891 892 INV
1 1 278 893 INV
1 1 279 894 INV
2 1 893 894 895 AND
1 1 895 896 INV
1 1 896 897 INV
1 1 276 898 INV
1 1 277 899 INV
2 1 898 899 900 AND
1 1 900 901 INV
1 1 901 902 INV
2 1 897 902 903 AND
1 1 903 904 INV
1 1 904 905 INV
1 1 274 906 INV
1 1 275 907 INV
2 1 906 907 908 AND
1 1 908 909 INV
1 1 909 910 INV
1 1 272 911 INV
1 1 273 912 INV
2 1 911 912 913 AND
1 1 913 914 INV
1 1 914 915 INV
2 1 910 915 916 AND
1 1 916 917 INV
1 1 917 918 INV
2 1 905 918 919 AND
1 1 919 920 INV
1 1 920 921 INV
2 1 892 921 922 AND
1 1 922 923 INV
1 1 923 924 INV
1 1 422 925 INV
1 1 423 926 INV
2 1 925 926 927 AND
1 1 927 928 INV
1 1 928 929 INV
1 1 420 930 INV
1 1 421 931 INV
2 1 930 931 932 AND
1 1 932 933 INV
1 1 933 934 INV
2 1 929 934 935 AND
1 1 935 936 INV
1 1 936 937 INV
1 1 418 938 INV
1 1 419 939 INV
2 1 938 939 940 AND
1 1 940 941 INV
1 1 941 942 INV
1 1 416 943 INV
1 1 417 944 INV
2 1 943 944 945 AND
1 1 945 946 INV
1 1 946 947 INV
2 1 942 947 948 AND
1 1 948 949 INV
1 1 949 950 INV
2 1 937 950 951 AND
1 1 951 952 INV
1 1 952 953 INV
2 1 924 953 954 AND
1 1 954 955 INV
1 1 955 956 INV
1 1 430 957 INV
1 1 431 958 INV
2 1 957 958 959 AND
1 1 959 960 INV
1 1 960 961 INV
1 1 428 962 INV
1 1 429 963 INV
2 1 962 963 964 AND
1 1 964 965 INV
1 1 965 966 INV
2 1 961 966 967 AND
1 1 967 968 INV
1 1 968 969 INV
1 1 426 970 INV
1 1 427 971 INV
2 1 970 971 972 AND
1 1 972 973 INV
1 1 973 974 INV
1 1 424 975 INV
1 1 425 976 INV
2 1 975 976 977 AND
1 1 977 978 INV
1 1 978 979 INV
2 1 974 979 980 AND
1 1 980 981 INV
1 1 981 982 INV
2 1 969 982 983 AND
1 1 983 984 INV
1 1 984 985 INV
2 1 956 985 986 AND
1 1 986 987 INV
1 1 987 988 INV
1 1 438 989 INV
1 1 439 990 INV
2 1 989 990 991 AND
1 1 991 992 INV
1 1 992 993 INV
1 1 436 994 INV
1 1 437 995 INV
2 1 994 995 996 AND
1 1 996 997 INV
1 1 997 998 INV
2 1 993 998 999 AND
1 1 999 1000 INV
1 1 1000 1001 INV
1 1 434 1002 INV
1 1 435 1003 INV
2 1 1002 1003 1004 AND
1 1 1004 1005 INV
1 1 1005 1006 INV
1 1 432 1007 INV
1 1 433 1008 INV
2 1 1007 1008 1009 AND
1 1 1009 1010 INV
1 1 1010 1011 INV
2 1 1006 1011 1012 AND
1 1 1012 1013 INV
1 1 1013 1014 INV
2 1 1001 1014 1015 AND
1 1 1015 1016 INV
1 1 1016 1017 INV
2 1 988 1017 1018 AND
1 1 1018 1019 INV
1 1 1019 1020 INV
1 1 446 1021 INV
1 1 447 1022 INV
2 1 1021 1022 1023 AND
1 1 1023 1024 INV
1 1 1024 1025 INV
1 1 444 1026 INV
1 1 445 1027 INV
2 1 1026 1027 1028 AND
1 1 1028 1029 INV
1 1 1029 1030 INV
2 1 1025 1030 1031 AND
1 1 1031 1032 INV
1 1 1032 1033 INV
1 1 442 1034 INV
1 1 443 1035 INV
2 1 1034 1035 1036 AND
1 1 1036 1037 INV
1 1 1037 1038 INV
1 1 440 1039 INV
1 1 441 1040 INV
2 1 1039 1040 1041 AND
1 1 1041 1042 INV
1 1 1042 1043 INV
2 1 1038 1043 1044 AND
1 1 1044 1045 INV
1 1 1045 1046 INV
2 1 1033 1046 1047 AND
1 1 1047 1048 INV
1 1 1048 1049 INV
2 1 1020 1049 1050 AND
1 1 1050 1051 INV
1 1 1051 1052 INV
1 1 454 1053 INV
1 1 455 1054 INV
2 1 1053 1054 1055 AND
1 1 1055 1056 INV
1 1 1056 1057 INV
1 1 452 1058 INV
1 1 453 1059 INV
2 1 1058 1059 1060 AND
1 1 1060 1061 INV
1 1 1061 1062 INV
2 1 1057 1062 1063 AND
1 1 1063 1064 INV
1 1 1064 1065 INV
1 1 450 1066 INV
1 1 451 1067 INV
2 1 1066 1067 1068 AND
1 1 1068 1069 INV
1 1 1069 1070 INV
1 1 448 1071 INV
1 1 449 1072 INV
2 1 1071 1072 1073 AND
1 1 1073 1074 INV
1 1 1074 1075 INV
2 1 1070 1075 1076 AND
1 1 1076 1077 INV
1 1 1077 1078 INV
2 1 1065 1078 1079 AND
1 1 1079 1080 INV
1 1 1080 1081 INV
2 1 1052 1081 1082 AND
1 1 1082 1083 INV
1 1 1083 1084 INV
1 1 462 1085 INV
1 1 463 1086 INV
2 1 1085 1086 1087 AND
1 1 1087 1088 INV
1 1 1088 1089 INV
1 1 460 1090 INV
1 1 461 1091 INV
2 1 1090 1091 1092 AND
1 1 1092 1093 INV
1 1 1093 1094 INV
2 1 1089 1094 1095 AND
1 1 1095 1096 INV
1 1 1096 1097 INV
1 1 458 1098 INV
1 1 459 1099 INV
2 1 1098 1099 1100 AND
1 1 1100 1101 INV
1 1 1101 1102 INV
1 1 456 1103 INV
1 1 457 1104 INV
2 1 1103 1104 1105 AND
1 1 1105 1106 INV
1 1 1106 1107 INV
2 1 1102 1107 1108 AND
1 1 1108 1109 INV
1 1 1109 1110 INV
2 1 1097 1110 1111 AND
1 1 1111 1112 INV
1 1 1112 1113 INV
2 1 1084 1113 1114 AND
1 1 1114 1115 INV
1 1 1115 1116 INV
1 1 470 1117 INV
1 1 471 1118 INV
2 1 1117 1118 1119 AND
1 1 1119 1120 INV
1 1 1120 1121 INV
1 1 468 1122 INV
1 1 469 1123 INV
2 1 1122 1123 1124 AND
1 1 1124 1125 INV
1 1 1125 1126 INV
2 1 1121 1126 1127 AND
1 1 1127 1128 INV
1 1 1128 1129 INV
1 1 466 1130 INV
1 1 467 1131 INV
2 1 1130 1131 1132 AND
1 1 1132 1133 INV
1 1 1133 1134 INV
1 1 464 1135 INV
1 1 465 1136 INV
2 1 1135 1136 1137 AND
1 1 1137 1138 INV
1 1 1138 1139 INV
2 1 1134 1139 1140 AND
1 1 1140 1141 INV
1 1 1141 1142 INV
2 1 1129 1142 1143 AND
1 1 1143 1144 INV
1 1 1144 1145 INV
2 1 1116 1145 1146 AND
1 1 1146 1147 INV
1 1 1147 1148 INV
1 1 478 1149 INV
1 1 479 1150 INV
2 1 1149 1150 1151 AND
1 1 1151 1152 INV
1 1 1152 1153 INV
1 1 476 1154 INV
1 1 477 1155 INV
2 1 1154 1155 1156 AND
1 1 1156 1157 INV
1 1 1157 1158 INV
2 1 1153 1158 1159 AND
1 1 1159 1160 INV
1 1 1160 1161 INV
1 1 474 1162 INV
1 1 475 1163 INV
2 1 1162 1163 1164 AND
1 1 1164 1165 INV
1 1 1165 1166 INV
1 1 472 1167 INV
1 1 473 1168 INV
2 1 1167 1168 1169 AND
1 1 1169 1170 INV
1 1 1170 1171 INV
2 1 1166 1171 1172 AND
1 1 1172 1173 INV
1 1 1173 1174 INV
2 1 1161 1174 1175 AND
1 1 1175 1176 INV
1 1 1176 1177 INV
2 1 1148 1177 1178 AND
1 1 1178 1179 INV
1 1 1179 1180 INV
1 1 486 1181 INV
1 1 487 1182 INV
2 1 1181 1182 1183 AND
1 1 1183 1184 INV
1 1 1184 1185 INV
1 1 484 1186 INV
1 1 485 1187 INV
2 1 1186 1187 1188 AND
1 1 1188 1189 INV
1 1 1189 1190 INV
2 1 1185 1190 1191 AND
1 1 1191 1192 INV
1 1 1192 1193 INV
1 1 482 1194 INV
1 1 483 1195 INV
2 1 1194 1195 1196 AND
1 1 1196 1197 INV
1 1 1197 1198 INV
1 1 480 1199 INV
1 1 481 1200 INV
2 1 1199 1200 1201 AND
1 1 1201 1202 INV
1 1 1202 1203 INV
2 1 1198 1203 1204 AND
1 1 1204 1205 INV
1 1 1205 1206 INV
2 1 1193 1206 1207 AND
1 1 1207 1208 INV
1 1 1208 1209 INV
2 1 1180 1209 1210 AND
1 1 1210 1211 INV
1 1 1211 1212 INV
1 1 494 1213 INV
1 1 495 1214 INV
2 1 1213 1214 1215 AND
1 1 1215 1216 INV
1 1 1216 1217 INV
1 1 492 1218 INV
1 1 493 1219 INV
2 1 1218 1219 1220 AND
1 1 1220 1221 INV
1 1 1221 1222 INV
2 1 1217 1222 1223 AND
1 1 1223 1224 INV
1 1 1224 1225 INV
1 1 490 1226 INV
1 1 491 1227 INV
2 1 1226 1227 1228 AND
1 1 1228 1229 INV
1 1 1229 1230 INV
1 1 488 1231 INV
1 1 489 1232 INV
2 1 1231 1232 1233 AND
1 1 1233 1234 INV
1 1 1234 1235 INV
2 1 1230 1235 1236 AND
1 1 1236 1237 INV
1 1 1237 1238 INV
2 1 1225 1238 1239 AND
1 1 1239 1240 INV
1 1 1240 1241 INV
2 1 1212 1241 1242 AND
1 1 1242 1243 INV
1 1 1243 1244 INV
1 1 286 1245 INV
1 1 287 1246 INV
2 1 1245 1246 1247 AND
1 1 1247 1248 INV
1 1 1248 1249 INV
1 1 284 1250 INV
1 1 285 1251 INV
2 1 1250 1251 1252 AND
1 1 1252 1253 INV
1 1 1253 1254 INV
2 1 1249 1254 1255 AND
1 1 1255 1256 INV
1 1 1256 1257 INV
1 1 282 1258 INV
1 1 283 1259 INV
2 1 1258 1259 1260 AND
1 1 1260 1261 INV
1 1 1261 1262 INV
1 1 280 1263 INV
1 1 281 1264 INV
2 1 1263 1264 1265 AND
1 1 1265 1266 INV
1 1 1266 1267 INV
2 1 1262 1267 1268 AND
1 1 1268 1269 INV
1 1 1269 1270 INV
2 1 1257 1270 1271 AND
1 1 1271 1272 INV
1 1 1272 1273 INV
2 1 1244 1273 1274 AND
1 1 1274 1275 INV
1 1 1275 1276 INV
1 1 502 1277 INV
1 1 503 1278 INV
2 1 1277 1278 1279 AND
1 1 1279 1280 INV
1 1 1280 1281 INV
1 1 500 1282 INV
1 1 501 1283 INV
2 1 1282 1283 1284 AND
1 1 1284 1285 INV
1 1 1285 1286 INV
2 1 1281 1286 1287 AND
1 1 1287 1288 INV
1 1 1288 1289 INV
1 1 498 1290 INV
1 1 499 1291 INV
2 1 1290 1291 1292 AND
1 1 1292 1293 INV
1 1 1293 1294 INV
1 1 496 1295 INV
1 1 497 1296 INV
2 1 1295 1296 1297 AND
1 1 1297 1298 INV
1 1 1298 1299 INV
2 1 1294 1299 1300 AND
1 1 1300 1301 INV
1 1 1301 1302 INV
2 1 1289 1302 1303 AND
1 1 1303 1304 INV
1 1 1304 1305 INV
2 1 1276 1305 1306 AND
1 1 1306 1307 INV
1 1 1307 1308 INV
1 1 510 1309 INV
1 1 511 1310 INV
2 1 1309 1310 1311 AND
1 1 1311 1312 INV
1 1 1312 1313 INV
1 1 508 1314 INV
1 1 509 1315 INV
2 1 1314 1315 1316 AND
1 1 1316 1317 INV
1 1 1317 1318 INV
2 1 1313 1318 1319 AND
1 1 1319 1320 INV
1 1 1320 1321 INV
1 1 506 1322 INV
1 1 507 1323 INV
2 1 1322 1323 1324 AND
1 1 1324 1325 INV
1 1 1325 1326 INV
1 1 504 1327 INV
1 1 505 1328 INV
2 1 1327 1328 1329 AND
1 1 1329 1330 INV
1 1 1330 1331 INV
2 1 1326 1331 1332 AND
1 1 1332 1333 INV
1 1 1333 1334 INV
2 1 1321 1334 1335 AND
1 1 1335 1336 INV
1 1 1336 1337 INV
2 1 1308 1337 1338 AND
1 1 1338 1339 INV
1 1 1339 1340 INV
1 1 294 1341 INV
1 1 295 1342 INV
2 1 1341 1342 1343 AND
1 1 1343 1344 INV
1 1 1344 1345 INV
1 1 292 1346 INV
1 1 293 1347 INV
2 1 1346 1347 1348 AND
1 1 1348 1349 INV
1 1 1349 1350 INV
2 1 1345 1350 1351 AND
1 1 1351 1352 INV
1 1 1352 1353 INV
1 1 290 1354 INV
1 1 291 1355 INV
2 1 1354 1355 1356 AND
1 1 1356 1357 INV
1 1 1357 1358 INV
1 1 288 1359 INV
1 1 289 1360 INV
2 1 1359 1360 1361 AND
1 1 1361 1362 INV
1 1 1362 1363 INV
2 1 1358 1363 1364 AND
1 1 1364 1365 INV
1 1 1365 1366 INV
2 1 1353 1366 1367 AND
1 1 1367 1368 INV
1 1 1368 1369 INV
2 1 1340 1369 1370 AND
1 1 1370 1371 INV
1 1 1371 1372 INV
1 1 302 1373 INV
1 1 303 1374 INV
2 1 1373 1374 1375 AND
1 1 1375 1376 INV
1 1 1376 1377 INV
1 1 300 1378 INV
1 1 301 1379 INV
2 1 1378 1379 1380 AND
1 1 1380 1381 INV
1 1 1381 1382 INV
2 1 1377 1382 1383 AND
1 1 1383 1384 INV
1 1 1384 1385 INV
1 1 298 1386 INV
1 1 299 1387 INV
2 1 1386 1387 1388 AND
1 1 1388 1389 INV
1 1 1389 1390 INV
1 1 296 1391 INV
1 1 297 1392 INV
2 1 1391 1392 1393 AND
1 1 1393 1394 INV
1 1 1394 1395 INV
2 1 1390 1395 1396 AND
1 1 1396 1397 INV
1 1 1397 1398 INV
2 1 1385 1398 1399 AND
1 1 1399 1400 INV
1 1 1400 1401 INV
2 1 1372 1401 1402 AND
1 1 1402 1403 INV
1 1 1403 1404 INV
1 1 310 1405 INV
1 1 311 1406 INV
2 1 1405 1406 1407 AND
1 1 1407 1408 INV
1 1 1408 1409 INV
1 1 308 1410 INV
1 1 309 1411 INV
2 1 1410 1411 1412 AND
1 1 1412 1413 INV
1 1 1413 1414 INV
2 1 1409 1414 1415 AND
1 1 1415 1416 INV
1 1 1416 1417 INV
1 1 306 1418 INV
1 1 307 1419 INV
2 1 1418 1419 1420 AND
1 1 1420 1421 INV
1 1 1421 1422 INV
1 1 304 1423 INV
1 1 305 1424 INV
2 1 1423 1424 1425 AND
1 1 1425 1426 INV
1 1 1426 1427 INV
2 1 1422 1427 1428 AND
1 1 1428 1429 INV
1 1 1429 1430 INV
2 1 1417 1430 1431 AND
1 1 1431 1432 INV
1 1 1432 1433 INV
2 1 1404 1433 1434 AND
1 1 1434 1435 INV
1 1 1435 1436 INV
1 1 318 1437 INV
1 1 319 1438 INV
2 1 1437 1438 1439 AND
1 1 1439 1440 INV
1 1 1440 1441 INV
1 1 316 1442 INV
1 1 317 1443 INV
2 1 1442 1443 1444 AND
1 1 1444 1445 INV
1 1 1445 1446 INV
2 1 1441 1446 1447 AND
1 1 1447 1448 INV
1 1 1448 1449 INV
1 1 314 1450 INV
1 1 315 1451 INV
2 1 1450 1451 1452 AND
1 1 1452 1453 INV
1 1 1453 1454 INV
1 1 312 1455 INV
1 1 313 1456 INV
2 1 1455 1456 1457 AND
1 1 1457 1458 INV
1 1 1458 1459 INV
2 1 1454 1459 1460 AND
1 1 1460 1461 INV
1 1 1461 1462 INV
2 1 1449 1462 1463 AND
1 1 1463 1464 INV
1 1 1464 1465 INV
2 1 1436 1465 1466 AND
1 1 1466 1467 INV
1 1 1467 1468 INV
1 1 326 1469 INV
1 1 327 1470 INV
2 1 1469 1470 1471 AND
1 1 1471 1472 INV
1 1 1472 1473 INV
1 1 324 1474 INV
1 1 325 1475 INV
2 1 1474 1475 1476 AND
1 1 1476 1477 INV
1 1 1477 1478 INV
2 1 1473 1478 1479 AND
1 1 1479 1480 INV
1 1 1480 1481 INV
1 1 322 1482 INV
1 1 323 1483 INV
2 1 1482 1483 1484 AND
1 1 1484 1485 INV
1 1 1485 1486 INV
1 1 320 1487 INV
1 1 321 1488 INV
2 1 1487 1488 1489 AND
1 1 1489 1490 INV
1 1 1490 1491 INV
2 1 1486 1491 1492 AND
1 1 1492 1493 INV
1 1 1493 1494 INV
2 1 1481 1494 1495 AND
1 1 1495 1496 INV
1 1 1496 1497 INV
2 1 1468 1497 1498 AND
1 1 1498 1499 INV
1 1 1499 1500 INV
1 1 334 1501 INV
1 1 335 1502 INV
2 1 1501 1502 1503 AND
1 1 1503 1504 INV
1 1 1504 1505 INV
1 1 332 1506 INV
1 1 333 1507 INV
2 1 1506 1507 1508 AND
1 1 1508 1509 INV
1 1 1509 1510 INV
2 1 1505 1510 1511 AND
1 1 1511 1512 INV
1 1 1512 1513 INV
1 1 330 1514 INV
1 1 331 1515 INV
2 1 1514 1515 1516 AND
1 1 1516 1517 INV
1 1 1517 1518 INV
1 1 328 1519 INV
1 1 329 1520 INV
2 1 1519 1520 1521 AND
1 1 1521 1522 INV
1 1 1522 1523 INV
2 1 1518 1523 1524 AND
1 1 1524 1525 INV
1 1 1525 1526 INV
2 1 1513 1526 1527 AND
1 1 1527 1528 INV
1 1 1528 1529 INV
2 1 1500 1529 1530 AND
1 1 1530 1531 INV
2 1 7 263 1532 XOR
1 1 1532 1533 INV
2 1 6 262 1534 XOR
1 1 1534 1535 INV
2 1 1533 1535 1536 AND
1 1 1536 1537 INV
1 1 1537 1538 INV
2 1 5 261 1539 XOR
1 1 1539 1540 INV
2 1 4 260 1541 XOR
1 1 1541 1542 INV
2 1 1540 1542 1543 AND
1 1 1543 1544 INV
1 1 1544 1545 INV
2 1 1538 1545 1546 AND
1 1 1546 1547 INV
1 1 1547 1548 INV
2 1 3 259 1549 XOR
1 1 1549 1550 INV
2 1 2 258 1551 XOR
1 1 1551 1552 INV
2 1 1550 1552 1553 AND
1 1 1553 1554 INV
1 1 1554 1555 INV
2 1 1 257 1556 XOR
1 1 1556 1557 INV
2 1 0 256 1558 XOR
1 1 1558 1559 INV
2 1 1557 1559 1560 AND
1 1 1560 1561 INV
1 1 1561 1562 INV
2 1 1555 1562 1563 AND
1 1 1563 1564 INV
1 1 1564 1565 INV
2 1 1548 1565 1566 AND
1 1 1566 1567 INV
1 1 1567 1568 INV
2 1 15 271 1569 XOR
1 1 1569 1570 INV
2 1 14 270 1571 XOR
1 1 1571 1572 INV
2 1 1570 1572 1573 AND
1 1 1573 1574 INV
1 1 1574 1575 INV
2 1 13 269 1576 XOR
1 1 1576 1577 INV
2 1 12 268 1578 XOR
1 1 1578 1579 INV
2 1 1577 1579 1580 AND
1 1 1580 1581 INV
1 1 1581 1582 INV
2 1 1575 1582 1583 AND
1 1 1583 1584 INV
1 1 1584 1585 INV
2 1 11 267 1586 XOR
1 1 1586 1587 INV
2 1 10 266 1588 XOR
1 1 1588 1589 INV
2 1 1587 1589 1590 AND
1 1 1590 1591 INV
1 1 1591 1592 INV
2 1 9 265 1593 XOR
1 1 1593 1594 INV
2 1 8 264 1595 XOR
1 1 1595 1596 INV
2 1 1594 1596 1597 AND
1 1 1597 1598 INV
1 1 1598 1599 INV
2 1 1592 1599 1600 AND
1 1 1600 1601 INV
1 1 1601 1602 INV
2 1 1585 1602 1603 AND
1 1 1603 1604 INV
1 1 1604 1605 INV
2 1 1568 1605 1606 AND
1 1 1606 1607 INV
1 1 1607 1608 INV
2 1 87 343 1609 XOR
1 1 1609 1610 INV
2 1 86 342 1611 XOR
1 1 1611 1612 INV
2 1 1610 1612 1613 AND
1 1 1613 1614 INV
1 1 1614 1615 INV
2 1 85 341 1616 XOR
1 1 1616 1617 INV
2 1 84 340 1618 XOR
1 1 1618 1619 INV
2 1 1617 1619 1620 AND
1 1 1620 1621 INV
1 1 1621 1622 INV
2 1 1615 1622 1623 AND
1 1 1623 1624 INV
1 1 1624 1625 INV
2 1 83 339 1626 XOR
1 1 1626 1627 INV
2 1 82 338 1628 XOR
1 1 1628 1629 INV
2 1 1627 1629 1630 AND
1 1 1630 1631 INV
1 1 1631 1632 INV
2 1 81 337 1633 XOR
1 1 1633 1634 INV
2 1 80 336 1635 XOR
1 1 1635 1636 INV
2 1 1634 1636 1637 AND
1 1 1637 1638 INV
1 1 1638 1639 INV
2 1 1632 1639 1640 AND
1 1 1640 1641 INV
1 1 1641 1642 INV
2 1 1625 1642 1643 AND
1 1 1643 1644 INV
1 1 1644 1645 INV
2 1 1608 1645 1646 AND
1 1 1646 1647 INV
1 1 1647 1648 INV
2 1 95 351 1649 XOR
1 1 1649 1650 INV
2 1 94 350 1651 XOR
1 1 1651 1652 INV
2 1 1650 1652 1653 AND
1 1 1653 1654 INV
1 1 1654 1655 INV
2 1 93 349 1656 XOR
1 1 1656 1657 INV
2 1 92 348 1658 XOR
1 1 1658 1659 INV
2 1 1657 1659 1660 AND
1 1 1660 1661 INV
1 1 1661 1662 INV
2 1 1655 1662 1663 AND
1 1 1663 1664 INV
1 1 1664 1665 INV
2 1 91 347 1666 XOR
1 1 1666 1667 INV
2 1 90 346 1668 XOR
1 1 1668 1669 INV
2 1 1667 1669 1670 AND
1 1 1670 1671 INV
1 1 1671 1672 INV
2 1 89 345 1673 XOR
1 1 1673 1674 INV
2 1 88 344 1675 XOR
1 1 1675 1676 INV
2 1 1674 1676 1677 AND
1 1 1677 1678 INV
1 1 1678 1679 INV
2 1 1672 1679 1680 AND
1 1 1680 1681 INV
1 1 1681 1682 INV
2 1 1665 1682 1683 AND
1 1 1683 1684 INV
1 1 1684 1685 INV
2 1 1648 1685 1686 AND
1 1 1686 1687 INV
1 1 1687 1688 INV
2 1 103 359 1689 XOR
1 1 1689 1690 INV
2 1 102 358 1691 XOR
1 1 1691 1692 INV
2 1 1690 1692 1693 AND
1 1 1693 1694 INV
1 1 1694 1695 INV
2 1 101 357 1696 XOR
1 1 1696 1697 INV
2 1 100 356 1698 XOR
1 1 1698 1699 INV
2 1 1697 1699 1700 AND
1 1 1700 1701 INV
1 1 1701 1702 INV
2 1 1695 1702 1703 AND
1 1 1703 1704 INV
1 1 1704 1705 INV
2 1 99 355 1706 XOR
1 1 1706 1707 INV
2 1 98 354 1708 XOR
1 1 1708 1709 INV
2 1 1707 1709 1710 AND
1 1 1710 1711 INV
1 1 1711 1712 INV
2 1 97 353 1713 XOR
1 1 1713 1714 INV
2 1 96 352 1715 XOR
1 1 1715 1716 INV
2 1 1714 1716 1717 AND
1 1 1717 1718 INV
1 1 1718 1719 INV
2 1 1712 1719 1720 AND
1 1 1720 1721 INV
1 1 1721 1722 INV
2 1 1705 1722 1723 AND
1 1 1723 1724 INV
1 1 1724 1725 INV
2 1 1688 1725 1726 AND
1 1 1726 1727 INV
1 1 1727 1728 INV
2 1 111 367 1729 XOR
1 1 1729 1730 INV
2 1 110 366 1731 XOR
1 1 1731 1732 INV
2 1 1730 1732 1733 AND
1 1 1733 1734 INV
1 1 1734 1735 INV
2 1 109 365 1736 XOR
1 1 1736 1737 INV
2 1 108 364 1738 XOR
1 1 1738 1739 INV
2 1 1737 1739 1740 AND
1 1 1740 1741 INV
1 1 1741 1742 INV
2 1 1735 1742 1743 AND
1 1 1743 1744 INV
1 1 1744 1745 INV
2 1 107 363 1746 XOR
1 1 1746 1747 INV
2 1 106 362 1748 XOR
1 1 1748 1749 INV
2 1 1747 1749 1750 AND
1 1 1750 1751 INV
1 1 1751 1752 INV
2 1 105 361 1753 XOR
1 1 1753 1754 INV
2 1 104 360 1755 XOR
1 1 1755 1756 INV
2 1 1754 1756 1757 AND
1 1 1757 1758 INV
1 1 1758 1759 INV
2 1 1752 1759 1760 AND
1 1 1760 1761 INV
1 1 1761 1762 INV
2 1 1745 1762 1763 AND
1 1 1763 1764 INV
1 1 1764 1765 INV
2 1 1728 1765 1766 AND
1 1 1766 1767 INV
1 1 1767 1768 INV
2 1 119 375 1769 XOR
1 1 1769 1770 INV
2 1 118 374 1771 XOR
1 1 1771 1772 INV
2 1 1770 1772 1773 AND
1 1 1773 1774 INV
1 1 1774 1775 INV
2 1 117 373 1776 XOR
1 1 1776 1777 INV
2 1 116 372 1778 XOR
1 1 1778 1779 INV
2 1 1777 1779 1780 AND
1 1 1780 1781 INV
1 1 1781 1782 INV
2 1 1775 1782 1783 AND
1 1 1783 1784 INV
1 1 1784 1785 INV
2 1 115 371 1786 XOR
1 1 1786 1787 INV
2 1 114 370 1788 XOR
1 1 1788 1789 INV
2 1 1787 1789 1790 AND
1 1 1790 1791 INV
1 1 1791 1792 INV
2 1 113 369 1793 XOR
1 1 1793 1794 INV
2 1 112 368 1795 XOR
1 1 1795 1796 INV
2 1 1794 1796 1797 AND
1 1 1797 1798 INV
1 1 1798 1799 INV
2 1 1792 1799 1800 AND
1 1 1800 1801 INV
1 1 1801 1802 INV
2 1 1785 1802 1803 AND
1 1 1803 1804 INV
1 1 1804 1805 INV
2 1 1768 1805 1806 AND
1 1 1806 1807 INV
1 1 1807 1808 INV
2 1 127 383 1809 XOR
1 1 1809 1810 INV
2 1 126 382 1811 XOR
1 1 1811 1812 INV
2 1 1810 1812 1813 AND
1 1 1813 1814 INV
1 1 1814 1815 INV
2 1 125 381 1816 XOR
1 1 1816 1817 INV
2 1 124 380 1818 XOR
1 1 1818 1819 INV
2 1 1817 1819 1820 AND
1 1 1820 1821 INV
1 1 1821 1822 INV
2 1 1815 1822 1823 AND
1 1 1823 1824 INV
1 1 1824 1825 INV
2 1 123 379 1826 XOR
1 1 1826 1827 INV
2 1 122 378 1828 XOR
1 1 1828 1829 INV
2 1 1827 1829 1830 AND
1 1 1830 1831 INV
1 1 1831 1832 INV
2 1 121 377 1833 XOR
1 1 1833 1834 INV
2 1 120 376 1835 XOR
1 1 1835 1836 INV
2 1 1834 1836 1837 AND
1 1 1837 1838 INV
1 1 1838 1839 INV
2 1 1832 1839 1840 AND
1 1 1840 1841 INV
1 1 1841 1842 INV
2 1 1825 1842 1843 AND
1 1 1843 1844 INV
1 1 1844 1845 INV
2 1 1808 1845 1846 AND
1 1 1846 1847 INV
1 1 1847 1848 INV
2 1 135 391 1849 XOR
1 1 1849 1850 INV
2 1 134 390 1851 XOR
1 1 1851 1852 INV
2 1 1850 1852 1853 AND
1 1 1853 1854 INV
1 1 1854 1855 INV
2 1 133 389 1856 XOR
1 1 1856 1857 INV
2 1 132 388 1858 XOR
1 1 1858 1859 INV
2 1 1857 1859 1860 AND
1 1 1860 1861 INV
1 1 1861 1862 INV
2 1 1855 1862 1863 AND
1 1 1863 1864 INV
1 1 1864 1865 INV
2 1 131 387 1866 XOR
1 1 1866 1867 INV
2 1 130 386 1868 XOR
1 1 1868 1869 INV
2 1 1867 1869 1870 AND
1 1 1870 1871 INV
1 1 1871 1872 INV
2 1 129 385 1873 XOR
1 1 1873 1874 INV
2 1 128 384 1875 XOR
1 1 1875 1876 INV
2 1 1874 1876 1877 AND
1 1 1877 1878 INV
1 1 1878 1879 INV
2 1 1872 1879 1880 AND
1 1 1880 1881 INV
1 1 1881 1882 INV
2 1 1865 1882 1883 AND
1 1 1883 1884 INV
1 1 1884 1885 INV
2 1 1848 1885 1886 AND
1 1 1886 1887 INV
1 1 1887 1888 INV
2 1 143 399 1889 XOR
1 1 1889 1890 INV
2 1 142 398 1891 XOR
1 1 1891 1892 INV
2 1 1890 1892 1893 AND
1 1 1893 1894 INV
1 1 1894 1895 INV
2 1 141 397 1896 XOR
1 1 1896 1897 INV
2 1 140 396 1898 XOR
1 1 1898 1899 INV
2 1 1897 1899 1900 AND
1 1 1900 1901 INV
1 1 1901 1902 INV
2 1 1895 1902 1903 AND
1 1 1903 1904 INV
1 1 1904 1905 INV
2 1 139 395 1906 XOR
1 1 1906 1907 INV
2 1 138 394 1908 XOR
1 1 1908 1909 INV
2 1 1907 1909 1910 AND
1 1 1910 1911 INV
1 1 1911 1912 INV
2 1 137 393 1913 XOR
1 1 1913 1914 INV
2 1 136 392 1915 XOR
1 1 1915 1916 INV
2 1 1914 1916 1917 AND
1 1 1917 1918 INV
1 1 1918 1919 INV
2 1 1912 1919 1920 AND
1 1 1920 1921 INV
1 1 1921 1922 INV
2 1 1905 1922 1923 AND
1 1 1923 1924 INV
1 1 1924 1925 INV
2 1 1888 1925 1926 AND
1 1 1926 1927 INV
1 1 1927 1928 INV
2 1 151 407 1929 XOR
1 1 1929 1930 INV
2 1 150 406 1931 XOR
1 1 1931 1932 INV
2 1 1930 1932 1933 AND
1 1 1933 1934 INV
1 1 1934 1935 INV
2 1 149 405 1936 XOR
1 1 1936 1937 INV
2 1 148 404 1938 XOR
1 1 1938 1939 INV
2 1 1937 1939 1940 AND
1 1 1940 1941 INV
1 1 1941 1942 INV
2 1 1935 1942 1943 AND
1 1 1943 1944 INV
1 1 1944 1945 INV
2 1 147 403 1946 XOR
1 1 1946 1947 INV
2 1 146 402 1948 XOR
1 1 1948 1949 INV
2 1 1947 1949 1950 AND
1 1 1950 1951 INV
1 1 1951 1952 INV
2 1 145 401 1953 XOR
1 1 1953 1954 INV
2 1 144 400 1955 XOR
1 1 1955 1956 INV
2 1 1954 1956 1957 AND
1 1 1957 1958 INV
1 1 1958 1959 INV
2 1 1952 1959 1960 AND
1 1 1960 1961 INV
1 1 1961 1962 INV
2 1 1945 1962 1963 AND
1 1 1963 1964 INV
1 1 1964 1965 INV
2 1 1928 1965 1966 AND
1 1 1966 1967 INV
1 1 1967 1968 INV
2 1 159 415 1969 XOR
1 1 1969 1970 INV
2 1 158 414 1971 XOR
1 1 1971 1972 INV
2 1 1970 1972 1973 AND
1 1 1973 1974 INV
1 1 1974 1975 INV
2 1 157 413 1976 XOR
1 1 1976 1977 INV
2 1 156 412 1978 XOR
1 1 1978 1979 INV
2 1 1977 1979 1980 AND
1 1 1980 1981 INV
1 1 1981 1982 INV
2 1 1975 1982 1983 AND
1 1 1983 1984 INV
1 1 1984 1985 INV
2 1 155 411 1986 XOR
1 1 1986 1987 INV
2 1 154 410 1988 XOR
1 1 1988 1989 INV
2 1 1987 1989 1990 AND
1 1 1990 1991 INV
1 1 1991 1992 INV
2 1 153 409 1993 XOR
1 1 1993 1994 INV
2 1 152 408 1995 XOR
1 1 1995 1996 INV
2 1 1994 1996 1997 AND
1 1 1997 1998 INV
1 1 1998 1999 INV
2 1 1992 1999 2000 AND
1 1 2000 2001 INV
1 1 2001 2002 INV
2 1 1985 2002 2003 AND
1 1 2003 2004 INV
1 1 2004 2005 INV
2 1 1968 2005 2006 AND
1 1 2006 2007 INV
1 1 2007 2008 INV
2 1 23 279 2009 XOR
1 1 2009 2010 INV
2 1 22 278 2011 XOR
1 1 2011 2012 INV
2 1 2010 2012 2013 AND
1 1 2013 2014 INV
1 1 2014 2015 INV
2 1 21 277 2016 XOR
1 1 2016 2017 INV
2 1 20 276 2018 XOR
1 1 2018 2019 INV
2 1 2017 2019 2020 AND
1 1 2020 2021 INV
1 1 2021 2022 INV
2 1 2015 2022 2023 AND
1 1 2023 2024 INV
1 1 2024 2025 INV
2 1 19 275 2026 XOR
1 1 2026 2027 INV
2 1 18 274 2028 XOR
1 1 2028 2029 INV
2 1 2027 2029 2030 AND
1 1 2030 2031 INV
1 1 2031 2032 INV
2 1 17 273 2033 XOR
1 1 2033 2034 INV
2 1 16 272 2035 XOR
1 1 2035 2036 INV
2 1 2034 2036 2037 AND
1 1 2037 2038 INV
1 1 2038 2039 INV
2 1 2032 2039 2040 AND
1 1 2040 2041 INV
1 1 2041 2042 INV
2 1 2025 2042 2043 AND
1 1 2043 2044 INV
1 1 2044 2045 INV
2 1 2008 2045 2046 AND
1 1 2046 2047 INV
1 1 2047 2048 INV
2 1 167 423 2049 XOR
1 1 2049 2050 INV
2 1 166 422 2051 XOR
1 1 2051 2052 INV
2 1 2050 2052 2053 AND
1 1 2053 2054 INV
1 1 2054 2055 INV
2 1 165 421 2056 XOR
1 1 2056 2057 INV
2 1 164 420 2058 XOR
1 1 2058 2059 INV
2 1 2057 2059 2060 AND
1 1 2060 2061 INV
1 1 2061 2062 INV
2 1 2055 2062 2063 AND
1 1 2063 2064 INV
1 1 2064 2065 INV
2 1 163 419 2066 XOR
1 1 2066 2067 INV
2 1 162 418 2068 XOR
1 1 2068 2069 INV
2 1 2067 2069 2070 AND
1 1 2070 2071 INV
1 1 2071 2072 INV
2 1 161 417 2073 XOR
1 1 2073 2074 INV
2 1 160 416 2075 XOR
1 1 2075 2076 INV
2 1 2074 2076 2077 AND
1 1 2077 2078 INV
1 1 2078 2079 INV
2 1 2072 2079 2080 AND
1 1 2080 2081 INV
1 1 2081 2082 INV
2 1 2065 2082 2083 AND
1 1 2083 2084 INV
1 1 2084 2085 INV
2 1 2048 2085 2086 AND
1 1 2086 2087 INV
1 1 2087 2088 INV
2 1 175 431 2089 XOR
1 1 2089 2090 INV
2 1 174 430 2091 XOR
1 1 2091 2092 INV
2 1 2090 2092 2093 AND
1 1 2093 2094 INV
1 1 2094 2095 INV
2 1 173 429 2096 XOR
1 1 2096 2097 INV
2 1 172 428 2098 XOR
1 1 2098 2099 INV
2 1 2097 2099 2100 AND
1 1 2100 2101 INV
1 1 2101 2102 INV
2 1 2095 2102 2103 AND
1 1 2103 2104 INV
1 1 2104 2105 INV
2 1 171 427 2106 XOR
1 1 2106 2107 INV
2 1 170 426 2108 XOR
1 1 2108 2109 INV
2 1 2107 2109 2110 AND
1 1 2110 2111 INV
1 1 2111 2112 INV
2 1 169 425 2113 XOR
1 1 2113 2114 INV
2 1 168 424 2115 XOR
1 1 2115 2116 INV
2 1 2114 2116 2117 AND
1 1 2117 2118 INV
1 1 2118 2119 INV
2 1 2112 2119 2120 AND
1 1 2120 2121 INV
1 1 2121 2122 INV
2 1 2105 2122 2123 AND
1 1 2123 2124 INV
1 1 2124 2125 INV
2 1 2088 2125 2126 AND
1 1 2126 2127 INV
1 1 2127 2128 INV
2 1 183 439 2129 XOR
1 1 2129 2130 INV
2 1 182 438 2131 XOR
1 1 2131 2132 INV
2 1 2130 2132 2133 AND
1 1 2133 2134 INV
1 1 2134 2135 INV
2 1 181 437 2136 XOR
1 1 2136 2137 INV
2 1 180 436 2138 XOR
1 1 2138 2139 INV
2 1 2137 2139 2140 AND
1 1 2140 2141 INV
1 1 2141 2142 INV
2 1 2135 2142 2143 AND
1 1 2143 2144 INV
1 1 2144 2145 INV
2 1 179 435 2146 XOR
1 1 2146 2147 INV
2 1 178 434 2148 XOR
1 1 2148 2149 INV
2 1 2147 2149 2150 AND
1 1 2150 2151 INV
1 1 2151 2152 INV
2 1 177 433 2153 XOR
1 1 2153 2154 INV
2 1 176 432 2155 XOR
1 1 2155 2156 INV
2 1 2154 2156 2157 AND
1 1 2157 2158 INV
1 1 2158 2159 INV
2 1 2152 2159 2160 AND
1 1 2160 2161 INV
1 1 2161 2162 INV
2 1 2145 2162 2163 AND
1 1 2163 2164 INV
1 1 2164 2165 INV
2 1 2128 2165 2166 AND
1 1 2166 2167 INV
1 1 2167 2168 INV
2 1 191 447 2169 XOR
1 1 2169 2170 INV
2 1 190 446 2171 XOR
1 1 2171 2172 INV
2 1 2170 2172 2173 AND
1 1 2173 2174 INV
1 1 2174 2175 INV
2 1 189 445 2176 XOR
1 1 2176 2177 INV
2 1 188 444 2178 XOR
1 1 2178 2179 INV
2 1 2177 2179 2180 AND
1 1 2180 2181 INV
1 1 2181 2182 INV
2 1 2175 2182 2183 AND
1 1 2183 2184 INV
1 1 2184 2185 INV
2 1 187 443 2186 XOR
1 1 2186 2187 INV
2 1 186 442 2188 XOR
1 1 2188 2189 INV
2 1 2187 2189 2190 AND
1 1 2190 2191 INV
1 1 2191 2192 INV
2 1 185 441 2193 XOR
1 1 2193 2194 INV
2 1 184 440 2195 XOR
1 1 2195 2196 INV
2 1 2194 2196 2197 AND
1 1 2197 2198 INV
1 1 2198 2199 INV
2 1 2192 2199 2200 AND
1 1 2200 2201 INV
1 1 2201 2202 INV
2 1 2185 2202 2203 AND
1 1 2203 2204 INV
1 1 2204 2205 INV
2 1 2168 2205 2206 AND
1 1 2206 2207 INV
1 1 2207 2208 INV
2 1 199 455 2209 XOR
1 1 2209 2210 INV
2 1 198 454 2211 XOR
1 1 2211 2212 INV
2 1 2210 2212 2213 AND
1 1 2213 2214 INV
1 1 2214 2215 INV
2 1 197 453 2216 XOR
1 1 2216 2217 INV
2 1 196 452 2218 XOR
1 1 2218 2219 INV
2 1 2217 2219 2220 AND
1 1 2220 2221 INV
1 1 2221 2222 INV
2 1 2215 2222 2223 AND
1 1 2223 2224 INV
1 1 2224 2225 INV
2 1 195 451 2226 XOR
1 1 2226 2227 INV
2 1 194 450 2228 XOR
1 1 2228 2229 INV
2 1 2227 2229 2230 AND
1 1 2230 2231 INV
1 1 2231 2232 INV
2 1 193 449 2233 XOR
1 1 2233 2234 INV
2 1 192 448 2235 XOR
1 1 2235 2236 INV
2 1 2234 2236 2237 AND
1 1 2237 2238 INV
1 1 2238 2239 INV
2 1 2232 2239 2240 AND
1 1 2240 2241 INV
1 1 2241 2242 INV
2 1 2225 2242 2243 AND
1 1 2243 2244 INV
1 1 2244 2245 INV
2 1 2208 2245 2246 AND
1 1 2246 2247 INV
1 1 2247 2248 INV
2 1 207 463 2249 XOR
1 1 2249 2250 INV
2 1 206 462 2251 XOR
1 1 2251 2252 INV
2 1 2250 2252 2253 AND
1 1 2253 2254 INV
1 1 2254 2255 INV
2 1 205 461 2256 XOR
1 1 2256 2257 INV
2 1 204 460 2258 XOR
1 1 2258 2259 INV
2 1 2257 2259 2260 AND
1 1 2260 2261 INV
1 1 2261 2262 INV
2 1 2255 2262 2263 AND
1 1 2263 2264 INV
1 1 2264 2265 INV
2 1 203 459 2266 XOR
1 1 2266 2267 INV
2 1 202 458 2268 XOR
1 1 2268 2269 INV
2 1 2267 2269 2270 AND
1 1 2270 2271 INV
1 1 2271 2272 INV
2 1 201 457 2273 XOR
1 1 2273 2274 INV
2 1 200 456 2275 XOR
1 1 2275 2276 INV
2 1 2274 2276 2277 AND
1 1 2277 2278 INV
1 1 2278 2279 INV
2 1 2272 2279 2280 AND
1 1 2280 2281 INV
1 1 2281 2282 INV
2 1 2265 2282 2283 AND
1 1 2283 2284 INV
1 1 2284 2285 INV
2 1 2248 2285 2286 AND
1 1 2286 2287 INV
1 1 2287 2288 INV
2 1 215 471 2289 XOR
1 1 2289 2290 INV
2 1 214 470 2291 XOR
1 1 2291 2292 INV
2 1 2290 2292 2293 AND
1 1 2293 2294 INV
1 1 2294 2295 INV
2 1 213 469 2296 XOR
1 1 2296 2297 INV
2 1 212 468 2298 XOR
1 1 2298 2299 INV
2 1 2297 2299 2300 AND
1 1 2300 2301 INV
1 1 2301 2302 INV
2 1 2295 2302 2303 AND
1 1 2303 2304 INV
1 1 2304 2305 INV
2 1 211 467 2306 XOR
1 1 2306 2307 INV
2 1 210 466 2308 XOR
1 1 2308 2309 INV
2 1 2307 2309 2310 AND
1 1 2310 2311 INV
1 1 2311 2312 INV
2 1 209 465 2313 XOR
1 1 2313 2314 INV
2 1 208 464 2315 XOR
1 1 2315 2316 INV
2 1 2314 2316 2317 AND
1 1 2317 2318 INV
1 1 2318 2319 INV
2 1 2312 2319 2320 AND
1 1 2320 2321 INV
1 1 2321 2322 INV
2 1 2305 2322 2323 AND
1 1 2323 2324 INV
1 1 2324 2325 INV
2 1 2288 2325 2326 AND
1 1 2326 2327 INV
1 1 2327 2328 INV
2 1 223 479 2329 XOR
1 1 2329 2330 INV
2 1 222 478 2331 XOR
1 1 2331 2332 INV
2 1 2330 2332 2333 AND
1 1 2333 2334 INV
1 1 2334 2335 INV
2 1 221 477 2336 XOR
1 1 2336 2337 INV
2 1 220 476 2338 XOR
1 1 2338 2339 INV
2 1 2337 2339 2340 AND
1 1 2340 2341 INV
1 1 2341 2342 INV
2 1 2335 2342 2343 AND
1 1 2343 2344 INV
1 1 2344 2345 INV
2 1 219 475 2346 XOR
1 1 2346 2347 INV
2 1 218 474 2348 XOR
1 1 2348 2349 INV
2 1 2347 2349 2350 AND
1 1 2350 2351 INV
1 1 2351 2352 INV
2 1 217 473 2353 XOR
1 1 2353 2354 INV
2 1 216 472 2355 XOR
1 1 2355 2356 INV
2 1 2354 2356 2357 AND
1 1 2357 2358 INV
1 1 2358 2359 INV
2 1 2352 2359 2360 AND
1 1 2360 2361 INV
1 1 2361 2362 INV
2 1 2345 2362 2363 AND
1 1 2363 2364 INV
1 1 2364 2365 INV
2 1 2328 2365 2366 AND
1 1 2366 2367 INV
1 1 2367 2368 INV
2 1 231 487 2369 XOR
1 1 2369 2370 INV
2 1 230 486 2371 XOR
1 1 2371 2372 INV
2 1 2370 2372 2373 AND
1 1 2373 2374 INV
1 1 2374 2375 INV
2 1 229 485 2376 XOR
1 1 2376 2377 INV
2 1 228 484 2378 XOR
1 1 2378 2379 INV
2 1 2377 2379 2380 AND
1 1 2380 2381 INV
1 1 2381 2382 INV
2 1 2375 2382 2383 AND
1 1 2383 2384 INV
1 1 2384 2385 INV
2 1 227 483 2386 XOR
1 1 2386 2387 INV
2 1 226 482 2388 XOR
1 1 2388 2389 INV
2 1 2387 2389 2390 AND
1 1 2390 2391 INV
1 1 2391 2392 INV
2 1 225 481 2393 XOR
1 1 2393 2394 INV
2 1 224 480 2395 XOR
1 1 2395 2396 INV
2 1 2394 2396 2397 AND
1 1 2397 2398 INV
1 1 2398 2399 INV
2 1 2392 2399 2400 AND
1 1 2400 2401 INV
1 1 2401 2402 INV
2 1 2385 2402 2403 AND
1 1 2403 2404 INV
1 1 2404 2405 INV
2 1 2368 2405 2406 AND
1 1 2406 2407 INV
1 1 2407 2408 INV
2 1 239 495 2409 XOR
1 1 2409 2410 INV
2 1 238 494 2411 XOR
1 1 2411 2412 INV
2 1 2410 2412 2413 AND
1 1 2413 2414 INV
1 1 2414 2415 INV
2 1 237 493 2416 XOR
1 1 2416 2417 INV
2 1 236 492 2418 XOR
1 1 2418 2419 INV
2 1 2417 2419 2420 AND
1 1 2420 2421 INV
1 1 2421 2422 INV
2 1 2415 2422 2423 AND
1 1 2423 2424 INV
1 1 2424 2425 INV
2 1 235 491 2426 XOR
1 1 2426 2427 INV
2 1 234 490 2428 XOR
1 1 2428 2429 INV
2 1 2427 2429 2430 AND
1 1 2430 2431 INV
1 1 2431 2432 INV
2 1 233 489 2433 XOR
1 1 2433 2434 INV
2 1 232 488 2435 XOR
1 1 2435 2436 INV
2 1 2434 2436 2437 AND
1 1 2437 2438 INV
1 1 2438 2439 INV
2 1 2432 2439 2440 AND
1 1 2440 2441 INV
1 1 2441 2442 INV
2 1 2425 2442 2443 AND
1 1 2443 2444 INV
1 1 2444 2445 INV
2 1 2408 2445 2446 AND
1 1 2446 2447 INV
1 1 2447 2448 INV
2 1 31 287 2449 XOR
1 1 2449 2450 INV
2 1 30 286 2451 XOR
1 1 2451 2452 INV
2 1 2450 2452 2453 AND
1 1 2453 2454 INV
1 1 2454 2455 INV
2 1 29 285 2456 XOR
1 1 2456 2457 INV
2 1 28 284 2458 XOR
1 1 2458 2459 INV
2 1 2457 2459 2460 AND
1 1 2460 2461 INV
1 1 2461 2462 INV
2 1 2455 2462 2463 AND
1 1 2463 2464 INV
1 1 2464 2465 INV
2 1 27 283 2466 XOR
1 1 2466 2467 INV
2 1 26 282 2468 XOR
1 1 2468 2469 INV
2 1 2467 2469 2470 AND
1 1 2470 2471 INV
1 1 2471 2472 INV
2 1 25 281 2473 XOR
1 1 2473 2474 INV
2 1 24 280 2475 XOR
1 1 2475 2476 INV
2 1 2474 2476 2477 AND
1 1 2477 2478 INV
1 1 2478 2479 INV
2 1 2472 2479 2480 AND
1 1 2480 2481 INV
1 1 2481 2482 INV
2 1 2465 2482 2483 AND
1 1 2483 2484 INV
1 1 2484 2485 INV
2 1 2448 2485 2486 AND
1 1 2486 2487 INV
1 1 2487 2488 INV
2 1 247 503 2489 XOR
1 1 2489 2490 INV
2 1 246 502 2491 XOR
1 1 2491 2492 INV
2 1 2490 2492 2493 AND
1 1 2493 2494 INV
1 1 2494 2495 INV
2 1 245 501 2496 XOR
1 1 2496 2497 INV
2 1 244 500 2498 XOR
1 1 2498 2499 INV
2 1 2497 2499 2500 AND
1 1 2500 2501 INV
1 1 2501 2502 INV
2 1 2495 2502 2503 AND
1 1 2503 2504 INV
1 1 2504 2505 INV
2 1 243 499 2506 XOR
1 1 2506 2507 INV
2 1 242 498 2508 XOR
1 1 2508 2509 INV
2 1 2507 2509 2510 AND
1 1 2510 2511 INV
1 1 2511 2512 INV
2 1 241 497 2513 XOR
1 1 2513 2514 INV
2 1 240 496 2515 XOR
1 1 2515 2516 INV
2 1 2514 2516 2517 AND
1 1 2517 2518 INV
1 1 2518 2519 INV
2 1 2512 2519 2520 AND
1 1 2520 2521 INV
1 1 2521 2522 INV
2 1 2505 2522 2523 AND
1 1 2523 2524 INV
1 1 2524 2525 INV
2 1 2488 2525 2526 AND
1 1 2526 2527 INV
1 1 2527 2528 INV
2 1 255 511 2529 XOR
1 1 2529 2530 INV
2 1 254 510 2531 XOR
1 1 2531 2532 INV
2 1 2530 2532 2533 AND
1 1 2533 2534 INV
1 1 2534 2535 INV
2 1 253 509 2536 XOR
1 1 2536 2537 INV
2 1 252 508 2538 XOR
1 1 2538 2539 INV
2 1 2537 2539 2540 AND
1 1 2540 2541 INV
1 1 2541 2542 INV
2 1 2535 2542 2543 AND
1 1 2543 2544 INV
1 1 2544 2545 INV
2 1 251 507 2546 XOR
1 1 2546 2547 INV
2 1 250 506 2548 XOR
1 1 2548 2549 INV
2 1 2547 2549 2550 AND
1 1 2550 2551 INV
1 1 2551 2552 INV
2 1 249 505 2553 XOR
1 1 2553 2554 INV
2 1 248 504 2555 XOR
1 1 2555 2556 INV
2 1 2554 2556 2557 AND
1 1 2557 2558 INV
1 1 2558 2559 INV
2 1 2552 2559 2560 AND
1 1 2560 2561 INV
1 1 2561 2562 INV
2 1 2545 2562 2563 AND
1 1 2563 2564 INV
1 1 2564 2565 INV
2 1 2528 2565 2566 AND
1 1 2566 2567 INV
1 1 2567 2568 INV
2 1 39 295 2569 XOR
1 1 2569 2570 INV
2 1 38 294 2571 XOR
1 1 2571 2572 INV
2 1 2570 2572 2573 AND
1 1 2573 2574 INV
1 1 2574 2575 INV
2 1 37 293 2576 XOR
1 1 2576 2577 INV
2 1 36 292 2578 XOR
1 1 2578 2579 INV
2 1 2577 2579 2580 AND
1 1 2580 2581 INV
1 1 2581 2582 INV
2 1 2575 2582 2583 AND
1 1 2583 2584 INV
1 1 2584 2585 INV
2 1 35 291 2586 XOR
1 1 2586 2587 INV
2 1 34 290 2588 XOR
1 1 2588 2589 INV
2 1 2587 2589 2590 AND
1 1 2590 2591 INV
1 1 2591 2592 INV
2 1 33 289 2593 XOR
1 1 2593 2594 INV
2 1 32 288 2595 XOR
1 1 2595 2596 INV
2 1 2594 2596 2597 AND
1 1 2597 2598 INV
1 1 2598 2599 INV
2 1 2592 2599 2600 AND
1 1 2600 2601 INV
1 1 2601 2602 INV
2 1 2585 2602 2603 AND
1 1 2603 2604 INV
1 1 2604 2605 INV
2 1 2568 2605 2606 AND
1 1 2606 2607 INV
1 1 2607 2608 INV
2 1 47 303 2609 XOR
1 1 2609 2610 INV
2 1 46 302 2611 XOR
1 1 2611 2612 INV
2 1 2610 2612 2613 AND
1 1 2613 2614 INV
1 1 2614 2615 INV
2 1 45 301 2616 XOR
1 1 2616 2617 INV
2 1 44 300 2618 XOR
1 1 2618 2619 INV
2 1 2617 2619 2620 AND
1 1 2620 2621 INV
1 1 2621 2622 INV
2 1 2615 2622 2623 AND
1 1 2623 2624 INV
1 1 2624 2625 INV
2 1 43 299 2626 XOR
1 1 2626 2627 INV
2 1 42 298 2628 XOR
1 1 2628 2629 INV
2 1 2627 2629 2630 AND
1 1 2630 2631 INV
1 1 2631 2632 INV
2 1 41 297 2633 XOR
1 1 2633 2634 INV
2 1 40 296 2635 XOR
1 1 2635 2636 INV
2 1 2634 2636 2637 AND
1 1 2637 2638 INV
1 1 2638 2639 INV
2 1 2632 2639 2640 AND
1 1 2640 2641 INV
1 1 2641 2642 INV
2 1 2625 2642 2643 AND
1 1 2643 2644 INV
1 1 2644 2645 INV
2 1 2608 2645 2646 AND
1 1 2646 2647 INV
1 1 2647 2648 INV
2 1 55 311 2649 XOR
1 1 2649 2650 INV
2 1 54 310 2651 XOR
1 1 2651 2652 INV
2 1 2650 2652 2653 AND
1 1 2653 2654 INV
1 1 2654 2655 INV
2 1 53 309 2656 XOR
1 1 2656 2657 INV
2 1 52 308 2658 XOR
1 1 2658 2659 INV
2 1 2657 2659 2660 AND
1 1 2660 2661 INV
1 1 2661 2662 INV
2 1 2655 2662 2663 AND
1 1 2663 2664 INV
1 1 2664 2665 INV
2 1 51 307 2666 XOR
1 1 2666 2667 INV
2 1 50 306 2668 XOR
1 1 2668 2669 INV
2 1 2667 2669 2670 AND
1 1 2670 2671 INV
1 1 2671 2672 INV
2 1 49 305 2673 XOR
1 1 2673 2674 INV
2 1 48 304 2675 XOR
1 1 2675 2676 INV
2 1 2674 2676 2677 AND
1 1 2677 2678 INV
1 1 2678 2679 INV
2 1 2672 2679 2680 AND
1 1 2680 2681 INV
1 1 2681 2682 INV
2 1 2665 2682 2683 AND
1 1 2683 2684 INV
1 1 2684 2685 INV
2 1 2648 2685 2686 AND
1 1 2686 2687 INV
1 1 2687 2688 INV
2 1 63 319 2689 XOR
1 1 2689 2690 INV
2 1 62 318 2691 XOR
1 1 2691 2692 INV
2 1 2690 2692 2693 AND
1 1 2693 2694 INV
1 1 2694 2695 INV
2 1 61 317 2696 XOR
1 1 2696 2697 INV
2 1 60 316 2698 XOR
1 1 2698 2699 INV
2 1 2697 2699 2700 AND
1 1 2700 2701 INV
1 1 2701 2702 INV
2 1 2695 2702 2703 AND
1 1 2703 2704 INV
1 1 2704 2705 INV
2 1 59 315 2706 XOR
1 1 2706 2707 INV
2 1 58 314 2708 XOR
1 1 2708 2709 INV
2 1 2707 2709 2710 AND
1 1 2710 2711 INV
1 1 2711 2712 INV
2 1 57 313 2713 XOR
1 1 2713 2714 INV
2 1 56 312 2715 XOR
1 1 2715 2716 INV
2 1 2714 2716 2717 AND
1 1 2717 2718 INV
1 1 2718 2719 INV
2 1 2712 2719 2720 AND
1 1 2720 2721 INV
1 1 2721 2722 INV
2 1 2705 2722 2723 AND
1 1 2723 2724 INV
1 1 2724 2725 INV
2 1 2688 2725 2726 AND
1 1 2726 2727 INV
1 1 2727 2728 INV
2 1 71 327 2729 XOR
1 1 2729 2730 INV
2 1 70 326 2731 XOR
1 1 2731 2732 INV
2 1 2730 2732 2733 AND
1 1 2733 2734 INV
1 1 2734 2735 INV
2 1 69 325 2736 XOR
1 1 2736 2737 INV
2 1 68 324 2738 XOR
1 1 2738 2739 INV
2 1 2737 2739 2740 AND
1 1 2740 2741 INV
1 1 2741 2742 INV
2 1 2735 2742 2743 AND
1 1 2743 2744 INV
1 1 2744 2745 INV
2 1 67 323 2746 XOR
1 1 2746 2747 INV
2 1 66 322 2748 XOR
1 1 2748 2749 INV
2 1 2747 2749 2750 AND
1 1 2750 2751 INV
1 1 2751 2752 INV
2 1 65 321 2753 XOR
1 1 2753 2754 INV
2 1 64 320 2755 XOR
1 1 2755 2756 INV
2 1 2754 2756 2757 AND
1 1 2757 2758 INV
1 1 2758 2759 INV
2 1 2752 2759 2760 AND
1 1 2760 2761 INV
1 1 2761 2762 INV
2 1 2745 2762 2763 AND
1 1 2763 2764 INV
1 1 2764 2765 INV
2 1 2728 2765 2766 AND
1 1 2766 2767 INV
1 1 2767 2768 INV
2 1 79 335 2769 XOR
1 1 2769 2770 INV
2 1 78 334 2771 XOR
1 1 2771 2772 INV
2 1 2770 2772 2773 AND
1 1 2773 2774 INV
1 1 2774 2775 INV
2 1 77 333 2776 XOR
1 1 2776 2777 INV
2 1 76 332 2778 XOR
1 1 2778 2779 INV
2 1 2777 2779 2780 AND
1 1 2780 2781 INV
1 1 2781 2782 INV
2 1 2775 2782 2783 AND
1 1 2783 2784 INV
1 1 2784 2785 INV
2 1 75 331 2786 XOR
1 1 2786 2787 INV
2 1 74 330 2788 XOR
1 1 2788 2789 INV
2 1 2787 2789 2790 AND
1 1 2790 2791 INV
1 1 2791 2792 INV
2 1 73 329 2793 XOR
1 1 2793 2794 INV
2 1 72 328 2795 XOR
1 1 2795 2796 INV
2 1 2794 2796 2797 AND
1 1 2797 2798 INV
1 1 2798 2799 INV
2 1 2792 2799 2800 AND
1 1 2800 2801 INV
1 1 2801 2802 INV
2 1 2785 2802 2803 AND
1 1 2803 2804 INV
1 1 2804 2805 INV
2 1 2768 2805 2806 AND
1 1 2806 2807 INV
2 1 1531 2807 2810 AND
2 1 0 0 2808 XOR
1 1 2808 2809 INV
2 1 1531 2807 2811 AND
2 1 1531 2807 2812 AND
2 1 1531 2807 2813 AND
2 1 1531 2807 2814 AND
2 1 1531 2807 2815 AND
2 1 1531 2807 2816 AND
2 1 1531 2807 2817 AND
2 1 1531 2807 2818 AND
2 1 1531 2807 2819 AND
2 1 1531 2807 2820 AND
2 1 1531 2807 2821 AND
2 1 1531 2807 2822 AND
2 1 1531 2807 2823 AND
2 1 1531 2807 2824 AND
2 1 1531 2807 2825 AND
2 1 1531 2807 2826 AND
2 1 1531 2807 2827 AND
2 1 1531 2807 2828 AND
2 1 1531 2807 2829 AND
2 1 1531 2807 2830 AND
2 1 1531 2807 2831 AND
2 1 1531 2807 2832 AND
2 1 1531 2807 2833 AND
2 1 1531 2807 2834 AND
2 1 1531 2807 2835 AND
2 1 1531 2807 2836 AND
2 1 1531 2807 2837 AND
2 1 1531 2807 2838 AND
2 1 1531 2807 2839 AND
2 1 1531 2807 2840 AND
