484 964
240 240 32

2 1 7 247 480 XOR
2 1 6 246 481 XOR
2 1 480 481 482 OR
2 1 5 245 483 XOR
2 1 4 244 484 XOR
2 1 483 484 485 OR
2 1 482 485 486 OR
2 1 3 243 487 XOR
2 1 2 242 488 XOR
2 1 487 488 489 OR
2 1 1 241 490 XOR
2 1 0 240 491 XOR
2 1 490 491 492 OR
2 1 489 492 493 OR
2 1 486 493 494 OR
1 1 494 932 INV
2 1 15 255 495 XOR
2 1 14 254 496 XOR
2 1 495 496 497 OR
2 1 13 253 498 XOR
2 1 12 252 499 XOR
2 1 498 499 500 OR
2 1 497 500 501 OR
2 1 11 251 502 XOR
2 1 10 250 503 XOR
2 1 502 503 504 OR
2 1 9 249 505 XOR
2 1 8 248 506 XOR
2 1 505 506 507 OR
2 1 504 507 508 OR
2 1 501 508 509 OR
1 1 509 933 INV
2 1 23 263 510 XOR
2 1 22 262 511 XOR
2 1 510 511 512 OR
2 1 21 261 513 XOR
2 1 20 260 514 XOR
2 1 513 514 515 OR
2 1 512 515 516 OR
2 1 19 259 517 XOR
2 1 18 258 518 XOR
2 1 517 518 519 OR
2 1 17 257 520 XOR
2 1 16 256 521 XOR
2 1 520 521 522 OR
2 1 519 522 523 OR
2 1 516 523 524 OR
1 1 524 934 INV
2 1 31 271 525 XOR
2 1 30 270 526 XOR
2 1 525 526 527 OR
2 1 29 269 528 XOR
2 1 28 268 529 XOR
2 1 528 529 530 OR
2 1 527 530 531 OR
2 1 27 267 532 XOR
2 1 26 266 533 XOR
2 1 532 533 534 OR
2 1 25 265 535 XOR
2 1 24 264 536 XOR
2 1 535 536 537 OR
2 1 534 537 538 OR
2 1 531 538 539 OR
1 1 539 935 INV
2 1 39 279 540 XOR
2 1 38 278 541 XOR
2 1 540 541 542 OR
2 1 37 277 543 XOR
2 1 36 276 544 XOR
2 1 543 544 545 OR
2 1 542 545 546 OR
2 1 35 275 547 XOR
2 1 34 274 548 XOR
2 1 547 548 549 OR
2 1 33 273 550 XOR
2 1 32 272 551 XOR
2 1 550 551 552 OR
2 1 549 552 553 OR
2 1 546 553 554 OR
1 1 554 936 INV
2 1 47 287 555 XOR
2 1 46 286 556 XOR
2 1 555 556 557 OR
2 1 45 285 558 XOR
2 1 44 284 559 XOR
2 1 558 559 560 OR
2 1 557 560 561 OR
2 1 43 283 562 XOR
2 1 42 282 563 XOR
2 1 562 563 564 OR
2 1 41 281 565 XOR
2 1 40 280 566 XOR
2 1 565 566 567 OR
2 1 564 567 568 OR
2 1 561 568 569 OR
1 1 569 937 INV
2 1 55 295 570 XOR
2 1 54 294 571 XOR
2 1 570 571 572 OR
2 1 53 293 573 XOR
2 1 52 292 574 XOR
2 1 573 574 575 OR
2 1 572 575 576 OR
2 1 51 291 577 XOR
2 1 50 290 578 XOR
2 1 577 578 579 OR
2 1 49 289 580 XOR
2 1 48 288 581 XOR
2 1 580 581 582 OR
2 1 579 582 583 OR
2 1 576 583 584 OR
1 1 584 938 INV
2 1 63 303 585 XOR
2 1 62 302 586 XOR
2 1 585 586 587 OR
2 1 61 301 588 XOR
2 1 60 300 589 XOR
2 1 588 589 590 OR
2 1 587 590 591 OR
2 1 59 299 592 XOR
2 1 58 298 593 XOR
2 1 592 593 594 OR
2 1 57 297 595 XOR
2 1 56 296 596 XOR
2 1 595 596 597 OR
2 1 594 597 598 OR
2 1 591 598 599 OR
1 1 599 939 INV
2 1 71 311 600 XOR
2 1 70 310 601 XOR
2 1 600 601 602 OR
2 1 69 309 603 XOR
2 1 68 308 604 XOR
2 1 603 604 605 OR
2 1 602 605 606 OR
2 1 67 307 607 XOR
2 1 66 306 608 XOR
2 1 607 608 609 OR
2 1 65 305 610 XOR
2 1 64 304 611 XOR
2 1 610 611 612 OR
2 1 609 612 613 OR
2 1 606 613 614 OR
1 1 614 940 INV
2 1 79 319 615 XOR
2 1 78 318 616 XOR
2 1 615 616 617 OR
2 1 77 317 618 XOR
2 1 76 316 619 XOR
2 1 618 619 620 OR
2 1 617 620 621 OR
2 1 75 315 622 XOR
2 1 74 314 623 XOR
2 1 622 623 624 OR
2 1 73 313 625 XOR
2 1 72 312 626 XOR
2 1 625 626 627 OR
2 1 624 627 628 OR
2 1 621 628 629 OR
1 1 629 941 INV
2 1 87 327 630 XOR
2 1 86 326 631 XOR
2 1 630 631 632 OR
2 1 85 325 633 XOR
2 1 84 324 634 XOR
2 1 633 634 635 OR
2 1 632 635 636 OR
2 1 83 323 637 XOR
2 1 82 322 638 XOR
2 1 637 638 639 OR
2 1 81 321 640 XOR
2 1 80 320 641 XOR
2 1 640 641 642 OR
2 1 639 642 643 OR
2 1 636 643 644 OR
1 1 644 942 INV
2 1 95 335 645 XOR
2 1 94 334 646 XOR
2 1 645 646 647 OR
2 1 93 333 648 XOR
2 1 92 332 649 XOR
2 1 648 649 650 OR
2 1 647 650 651 OR
2 1 91 331 652 XOR
2 1 90 330 653 XOR
2 1 652 653 654 OR
2 1 89 329 655 XOR
2 1 88 328 656 XOR
2 1 655 656 657 OR
2 1 654 657 658 OR
2 1 651 658 659 OR
1 1 659 943 INV
2 1 103 343 660 XOR
2 1 102 342 661 XOR
2 1 660 661 662 OR
2 1 101 341 663 XOR
2 1 100 340 664 XOR
2 1 663 664 665 OR
2 1 662 665 666 OR
2 1 99 339 667 XOR
2 1 98 338 668 XOR
2 1 667 668 669 OR
2 1 97 337 670 XOR
2 1 96 336 671 XOR
2 1 670 671 672 OR
2 1 669 672 673 OR
2 1 666 673 674 OR
1 1 674 944 INV
2 1 111 351 675 XOR
2 1 110 350 676 XOR
2 1 675 676 677 OR
2 1 109 349 678 XOR
2 1 108 348 679 XOR
2 1 678 679 680 OR
2 1 677 680 681 OR
2 1 107 347 682 XOR
2 1 106 346 683 XOR
2 1 682 683 684 OR
2 1 105 345 685 XOR
2 1 104 344 686 XOR
2 1 685 686 687 OR
2 1 684 687 688 OR
2 1 681 688 689 OR
1 1 689 945 INV
2 1 119 359 690 XOR
2 1 118 358 691 XOR
2 1 690 691 692 OR
2 1 117 357 693 XOR
2 1 116 356 694 XOR
2 1 693 694 695 OR
2 1 692 695 696 OR
2 1 115 355 697 XOR
2 1 114 354 698 XOR
2 1 697 698 699 OR
2 1 113 353 700 XOR
2 1 112 352 701 XOR
2 1 700 701 702 OR
2 1 699 702 703 OR
2 1 696 703 704 OR
1 1 704 946 INV
2 1 127 367 705 XOR
2 1 126 366 706 XOR
2 1 705 706 707 OR
2 1 125 365 708 XOR
2 1 124 364 709 XOR
2 1 708 709 710 OR
2 1 707 710 711 OR
2 1 123 363 712 XOR
2 1 122 362 713 XOR
2 1 712 713 714 OR
2 1 121 361 715 XOR
2 1 120 360 716 XOR
2 1 715 716 717 OR
2 1 714 717 718 OR
2 1 711 718 719 OR
1 1 719 947 INV
2 1 135 375 720 XOR
2 1 134 374 721 XOR
2 1 720 721 722 OR
2 1 133 373 723 XOR
2 1 132 372 724 XOR
2 1 723 724 725 OR
2 1 722 725 726 OR
2 1 131 371 727 XOR
2 1 130 370 728 XOR
2 1 727 728 729 OR
2 1 129 369 730 XOR
2 1 128 368 731 XOR
2 1 730 731 732 OR
2 1 729 732 733 OR
2 1 726 733 734 OR
1 1 734 948 INV
2 1 143 383 735 XOR
2 1 142 382 736 XOR
2 1 735 736 737 OR
2 1 141 381 738 XOR
2 1 140 380 739 XOR
2 1 738 739 740 OR
2 1 737 740 741 OR
2 1 139 379 742 XOR
2 1 138 378 743 XOR
2 1 742 743 744 OR
2 1 137 377 745 XOR
2 1 136 376 746 XOR
2 1 745 746 747 OR
2 1 744 747 748 OR
2 1 741 748 749 OR
1 1 749 949 INV
2 1 151 391 750 XOR
2 1 150 390 751 XOR
2 1 750 751 752 OR
2 1 149 389 753 XOR
2 1 148 388 754 XOR
2 1 753 754 755 OR
2 1 752 755 756 OR
2 1 147 387 757 XOR
2 1 146 386 758 XOR
2 1 757 758 759 OR
2 1 145 385 760 XOR
2 1 144 384 761 XOR
2 1 760 761 762 OR
2 1 759 762 763 OR
2 1 756 763 764 OR
1 1 764 950 INV
2 1 159 399 765 XOR
2 1 158 398 766 XOR
2 1 765 766 767 OR
2 1 157 397 768 XOR
2 1 156 396 769 XOR
2 1 768 769 770 OR
2 1 767 770 771 OR
2 1 155 395 772 XOR
2 1 154 394 773 XOR
2 1 772 773 774 OR
2 1 153 393 775 XOR
2 1 152 392 776 XOR
2 1 775 776 777 OR
2 1 774 777 778 OR
2 1 771 778 779 OR
1 1 779 951 INV
2 1 167 407 780 XOR
2 1 166 406 781 XOR
2 1 780 781 782 OR
2 1 165 405 783 XOR
2 1 164 404 784 XOR
2 1 783 784 785 OR
2 1 782 785 786 OR
2 1 163 403 787 XOR
2 1 162 402 788 XOR
2 1 787 788 789 OR
2 1 161 401 790 XOR
2 1 160 400 791 XOR
2 1 790 791 792 OR
2 1 789 792 793 OR
2 1 786 793 794 OR
1 1 794 952 INV
2 1 175 415 795 XOR
2 1 174 414 796 XOR
2 1 795 796 797 OR
2 1 173 413 798 XOR
2 1 172 412 799 XOR
2 1 798 799 800 OR
2 1 797 800 801 OR
2 1 171 411 802 XOR
2 1 170 410 803 XOR
2 1 802 803 804 OR
2 1 169 409 805 XOR
2 1 168 408 806 XOR
2 1 805 806 807 OR
2 1 804 807 808 OR
2 1 801 808 809 OR
1 1 809 953 INV
2 1 183 423 810 XOR
2 1 182 422 811 XOR
2 1 810 811 812 OR
2 1 181 421 813 XOR
2 1 180 420 814 XOR
2 1 813 814 815 OR
2 1 812 815 816 OR
2 1 179 419 817 XOR
2 1 178 418 818 XOR
2 1 817 818 819 OR
2 1 177 417 820 XOR
2 1 176 416 821 XOR
2 1 820 821 822 OR
2 1 819 822 823 OR
2 1 816 823 824 OR
1 1 824 954 INV
2 1 191 431 825 XOR
2 1 190 430 826 XOR
2 1 825 826 827 OR
2 1 189 429 828 XOR
2 1 188 428 829 XOR
2 1 828 829 830 OR
2 1 827 830 831 OR
2 1 187 427 832 XOR
2 1 186 426 833 XOR
2 1 832 833 834 OR
2 1 185 425 835 XOR
2 1 184 424 836 XOR
2 1 835 836 837 OR
2 1 834 837 838 OR
2 1 831 838 839 OR
1 1 839 955 INV
2 1 199 439 840 XOR
2 1 198 438 841 XOR
2 1 840 841 842 OR
2 1 197 437 843 XOR
2 1 196 436 844 XOR
2 1 843 844 845 OR
2 1 842 845 846 OR
2 1 195 435 847 XOR
2 1 194 434 848 XOR
2 1 847 848 849 OR
2 1 193 433 850 XOR
2 1 192 432 851 XOR
2 1 850 851 852 OR
2 1 849 852 853 OR
2 1 846 853 854 OR
1 1 854 956 INV
2 1 207 447 855 XOR
2 1 206 446 856 XOR
2 1 855 856 857 OR
2 1 205 445 858 XOR
2 1 204 444 859 XOR
2 1 858 859 860 OR
2 1 857 860 861 OR
2 1 203 443 862 XOR
2 1 202 442 863 XOR
2 1 862 863 864 OR
2 1 201 441 865 XOR
2 1 200 440 866 XOR
2 1 865 866 867 OR
2 1 864 867 868 OR
2 1 861 868 869 OR
1 1 869 957 INV
2 1 215 455 870 XOR
2 1 214 454 871 XOR
2 1 870 871 872 OR
2 1 213 453 873 XOR
2 1 212 452 874 XOR
2 1 873 874 875 OR
2 1 872 875 876 OR
2 1 211 451 877 XOR
2 1 210 450 878 XOR
2 1 877 878 879 OR
2 1 209 449 880 XOR
2 1 208 448 881 XOR
2 1 880 881 882 OR
2 1 879 882 883 OR
2 1 876 883 884 OR
1 1 884 958 INV
2 1 223 463 885 XOR
2 1 222 462 886 XOR
2 1 885 886 887 OR
2 1 221 461 888 XOR
2 1 220 460 889 XOR
2 1 888 889 890 OR
2 1 887 890 891 OR
2 1 219 459 892 XOR
2 1 218 458 893 XOR
2 1 892 893 894 OR
2 1 217 457 895 XOR
2 1 216 456 896 XOR
2 1 895 896 897 OR
2 1 894 897 898 OR
2 1 891 898 899 OR
1 1 899 959 INV
2 1 231 471 900 XOR
2 1 230 470 901 XOR
2 1 900 901 902 OR
2 1 229 469 903 XOR
2 1 228 468 904 XOR
2 1 903 904 905 OR
2 1 902 905 906 OR
2 1 227 467 907 XOR
2 1 226 466 908 XOR
2 1 907 908 909 OR
2 1 225 465 910 XOR
2 1 224 464 911 XOR
2 1 910 911 912 OR
2 1 909 912 913 OR
2 1 906 913 914 OR
1 1 914 960 INV
2 1 239 479 915 XOR
2 1 238 478 916 XOR
2 1 915 916 917 OR
2 1 237 477 918 XOR
2 1 236 476 919 XOR
2 1 918 919 920 OR
2 1 917 920 921 OR
2 1 235 475 922 XOR
2 1 234 474 923 XOR
2 1 922 923 924 OR
2 1 233 473 925 XOR
2 1 232 472 926 XOR
2 1 925 926 927 OR
2 1 924 927 928 OR
2 1 921 928 929 OR
1 1 929 961 INV
2 1 0 0 931 XOR
1 1 931 930 INV
1 1 930 962 INV
1 1 930 963 INV
